Date and Time of Match (UK),Home Team,Away Team,Home Team Win Probability,Away Team Win Probability
Tomorrow 00:00,Cleveland Cavaliers , Orlando Magic,69.7%,30.3%
Tomorrow 00:00,Indiana Pacers , Detroit Pistons,83.0%,17.0%
Tomorrow 00:00,Philadelphia 76ers , New York Knicks,51.0%,49.0%
Tomorrow 00:00,Toronto Raptors , Brooklyn Nets,53.9%,46.1%
Tomorrow 00:30,Dallas Mavericks , Phoenix Suns,56.8%,43.2%
Tomorrow 01:00,Chicago Bulls , Boston Celtics,27.7%,72.3%
Tomorrow 01:00,New Orleans Pelicans , Houston Rockets,70.0%,30.0%
Tomorrow 01:00,Oklahoma City Thunder , Los Angeles Clippers,54.0%,46.0%
Tomorrow 02:00,Denver Nuggets , Washington Wizards,89.3%,10.7%
Tomorrow 02:00,Utah Jazz , Charlotte Hornets,79.2%,20.8%
Tomorrow 03:00,Golden State Warriors , Los Angeles Lakers,66.7%,33.3%
Tomorrow 03:00,Sacramento Kings , San Antonio Spurs,77.4%,22.6%
Tomorrow 03:00,Minnesota Timberwolves , Milwaukee Bucks,59.5%,40.5%
Tomorrow 03:00,Portland Trail Blazers , Denver Nuggets,24.3%,75.7%
